{"producer":{"name":"Blender","version":"2.79 (sub 0)","exporter_version":"5.6.4","file":"walking.babylon"},
"autoClear":true,"clearColor":[0.0509,0.0509,0.0509],"ambientColor":[0,0,0],"gravity":[0,-9.81,0],
"materials":[{"name":"walking.Ch07_hair","id":"walking.Ch07_hair","ambient":[0.8,0.8,0.8],"diffuse":[0.64,0.64,0.64],"specular":[0,0,0],"emissive":[0,0,0],"specularPower":20,"alpha":1,"backFaceCulling":true,"checkReadyOnlyOnce":false,"maxSimultaneousLights":4, 
"diffuseTexture":{"name":"Ch07_1002_Diffuse.png","level":1,"hasAlpha":1,"coordinatesMode":0,"uOffset":0,"vOffset":0,"uScale":1,"vScale":1,"uAng":0,"vAng":0,"wAng":0,"wrapU":1,"wrapV":1,"coordinatesIndex":0}},
{"name":"walking.Ch07_body","id":"walking.Ch07_body","ambient":[0.8,0.8,0.8],"diffuse":[0.64,0.64,0.64],"specular":[0.5,0.5,0.5],"emissive":[0,0,0],"specularPower":20,"alpha":1,"backFaceCulling":true,"checkReadyOnlyOnce":false,"maxSimultaneousLights":4, 
"diffuseTexture":{"name":"Ch07_1001_Diffuse.png","level":1,"hasAlpha":1,"coordinatesMode":0,"uOffset":0,"vOffset":0,"uScale":1,"vScale":1,"uAng":0,"vAng":0,"wAng":0,"wrapU":1,"wrapV":1,"coordinatesIndex":0}}],
"multiMaterials":[],
"skeletons":[{"name":"Character","id":0,"dimensionsAtRest":[169.9974,17.7139,176.2885],"bones":[
{"name":"mixamorig8_Hips","index":0,"matrix":[0.9998,-0.0128,-0.012,0,0.0131,0.9998,0.0178,0,-0.0118,0.0179,-0.9998,0,3.4335,97.3403,-0.6096,1],"rest":[1,0,0,0,0,0.9994,0.0332,0,0,0.0332,-0.9994,0,0.0002,99.5459,-0.8366,1],"parentBoneIndex":-1,"length":9.1298
,"animation":{"dataType":3,"framePerSecond":24,"keys":[
{"frame":0,"values":[0.9981,-0.0374,0.0484,0,0.0366,0.9992,0.0173,0,0.049,0.0155,-0.9987,0,-0.1763,97.4285,-0.0434,1]},
{"frame":1,"values":[0.9992,-0.0362,0.0195,0,0.0359,0.9992,0.0167,0,0.02,0.016,-0.9997,0,-0.3151,98.1333,0.3191,1]},
{"frame":2,"values":[0.9993,-0.0382,-0.0027,0,0.0382,0.9991,0.0193,0,-0.002,0.0194,-0.9998,0,-0.3934,98.0582,0.6961,1]},
{"frame":3,"values":[0.9991,-0.0378,-0.0178,0,0.0382,0.999,0.0219,0,-0.0169,0.0226,-0.9996,0,-0.4171,97.3831,1.069,1]},
{"frame":4,"values":[0.9989,-0.0344,-0.0312,0,0.0351,0.9992,0.0207,0,-0.0304,0.0218,-0.9993,0,-0.3673,96.3103,1.5852,1]},
{"frame":5,"values":[0.9983,-0.0333,-0.0476,0,0.0342,0.9992,0.0182,0,-0.0469,0.0198,-0.9987,0,-0.1408,94.9734,1.7372,1]},
{"frame":6,"values":[0.9975,-0.0318,-0.0625,0,0.033,0.9993,0.0185,0,-0.0618,0.0205,-0.9979,0,0.3178,93.3938,1.0912,1]},
{"frame":7,"values":[0.9971,-0.0249,-0.0715,0,0.0262,0.9995,0.0164,0,-0.0711,0.0182,-0.9973,0,0.9454,92.1016,-0.1216,1]},
{"frame":8,"values":[0.9973,-0.0112,-0.0729,0,0.0118,0.9999,0.0085,0,-0.0728,0.0093,-0.9973,0,1.6057,91.4622,-0.9856,1]},
{"frame":9,"values":[0.9979,0.0032,-0.0648,0,-0.0029,1,0.0051,0,-0.0649,0.0049,-0.9979,0,2.2078,91.6154,-1.0028,1]},
{"frame":10,"values":[0.9985,0.0076,-0.0543,0,-0.007,0.9999,0.0105,0,-0.0543,0.0101,-0.9985,0,2.7764,93.1271,-0.914,1]},
{"frame":11,"values":[0.9992,0.0002,-0.04,0,0.0005,0.9999,0.017,0,-0.04,0.017,-0.9991,0,3.1682,95.2777,-0.7363,1]},
{"frame":12,"values":[0.9998,-0.0128,-0.012,0,0.0131,0.9998,0.0178,0,-0.0118,0.0179,-0.9998,0,3.4335,97.3403,-0.6096,1]},
{"frame":13,"values":[0.9994,-0.0161,0.0296,0,0.0157,0.9998,0.0116,0,0.0298,0.0112,-0.9995,0,3.5826,98.4251,0.0355,1]},
{"frame":14,"values":[0.9979,-0.0063,0.0646,0,0.0061,1,0.0043,0,0.0646,0.0039,-0.9979,0,3.6513,98.4343,0.7146,1]},
{"frame":15,"values":[0.9964,0.0074,0.085,0,-0.0074,1,0.0003,0,0.085,0.0009,-0.9964,0,3.7107,97.5537,1.1869,1]},
{"frame":16,"values":[0.9951,0.0176,0.0973,0,-0.0176,0.9998,-0.0007,0,0.0973,0.001,-0.9953,0,3.729,96.1653,1.5765,1]},
{"frame":17,"values":[0.9933,0.024,0.1129,0,-0.0239,0.9997,-0.0025,0,0.113,0.0002,-0.9936,0,3.6276,94.393,1.7047,1]},
{"frame":18,"values":[0.991,0.0254,0.1313,0,-0.0247,0.9997,-0.0064,0,0.1315,-0.0031,-0.9913,0,3.2778,92.744,1.4913,1]},
{"frame":19,"values":[0.9896,0.0172,0.143,0,-0.0156,0.9998,-0.0123,0,0.1431,-0.01,-0.9897,0,2.6563,91.6818,0.6818,1]},
{"frame":20,"values":[0.99,-0.0037,0.1412,0,0.0065,0.9998,-0.0193,0,0.1411,-0.02,-0.9898,0,1.9379,91.3393,0.1546,1]},
{"frame":21,"values":[0.991,-0.0304,0.1305,0,0.0333,0.9992,-0.0202,0,0.1298,-0.0244,-0.9912,0,1.2462,91.9381,0.132,1]},
{"frame":22,"values":[0.9913,-0.0497,0.1215,0,0.0513,0.9986,-0.01,0,0.1209,-0.0162,-0.9925,0,0.5851,93.1151,0.3183,1]},
{"frame":23,"values":[0.9929,-0.052,0.1071,0,0.0518,0.9986,0.0048,0,0.1072,-0.0007,-0.9942,0,0.203,94.8603,0.1372,1]},
{"frame":24,"values":[0.9959,-0.0437,0.0797,0,0.0426,0.999,0.0151,0,0.0803,0.0116,-0.9967,0,-0.043,96.5061,-0.1772,1]}],"loopBehavior":1,"name":"anim","property":"_matrix"}},
{"name":"mixamorig8_Spine","index":1,"matrix":[0.9998,-0.0158,-0.0107,0,0.0158,0.9999,0.0017,0,0.0107,-0.0019,0.9999,0,0,9.1298,0,1],"rest":[1,0,0,0,0,1,0,0,0,0,1,0,0,9.1298,0,1],"parentBoneIndex":0,"length":10.6514
,"animation":{"dataType":3,"framePerSecond":24,"keys":[
{"frame":0,"values":[0.9999,0.0162,-0.0048,0,-0.0162,0.9999,0.0035,0,0.0048,-0.0034,1,0,0,9.1298,0,1]},
{"frame":1,"values":[0.9999,0.0104,-0.0126,0,-0.0103,0.9999,0.0043,0,0.0127,-0.0042,0.9999,0,0,9.1298,0,1]},
{"frame":2,"values":[0.9998,0.0061,-0.0187,0,-0.006,1,0.0062,0,0.0187,-0.0061,0.9998,0,0,9.1298,0,1]},
{"frame":3,"values":[0.9997,0.0027,-0.0232,0,-0.0025,1,0.0076,0,0.0232,-0.0076,0.9997,0,0,9.1298,0,1]},
{"frame":4,"values":[0.9996,-0.0014,-0.0271,0,0.0016,1,0.0081,0,0.027,-0.0082,0.9996,0,0,9.1298,0,1]},
{"frame":5,"values":[0.9995,-0.0043,-0.0317,0,0.0045,1,0.0078,0,0.0317,-0.0079,0.9995,0,0,9.1298,0,1]},
{"frame":6,"values":[0.9993,-0.0068,-0.0363,0,0.0071,1,0.0068,0,0.0362,-0.0071,0.9993,0,0,9.1298,0,1]},
{"frame":7,"values":[0.9992,-0.0103,-0.0394,0,0.0104,0.9999,0.0033,0,0.0394,-0.0037,0.9992,0,0,9.1298,0,1]},
{"frame":8,"values":[0.999,-0.0166,-0.0403,0,0.0165,0.9999,-0.003,0,0.0404,0.0024,0.9992,0,0,9.1298,0,1]},
{"frame":9,"values":[0.999,-0.0236,-0.037,0,0.0234,0.9997,-0.0048,0,0.0371,0.0039,0.9993,0,0,9.1298,0,1]},
{"frame":10,"values":[0.9992,-0.0255,-0.0306,0,0.0254,0.9997,-0.0023,0,0.0307,0.0015,0.9995,0,0,9.1298,0,1]},
{"frame":11,"values":[0.9995,-0.0226,-0.022,0,0.0226,0.9997,0.0005,0,0.022,-0.001,0.9998,0,0,9.1298,0,1]},
{"frame":12,"values":[0.9998,-0.0158,-0.0107,0,0.0158,0.9999,0.0017,0,0.0107,-0.0019,0.9999,0,0,9.1298,0,1]},
{"frame":13,"values":[0.9999,-0.0104,0.0011,0,0.0104,0.9999,0.0027,0,-0.0012,-0.0027,1,0,0,9.1298,0,1]},
{"frame":14,"values":[0.9999,-0.0082,0.0098,0,0.0082,1,0.0036,0,-0.0099,-0.0036,0.9999,0,0,9.1298,0,1]},
{"frame":15,"values":[0.9999,-0.0063,0.0147,0,0.0062,1,0.0052,0,-0.0148,-0.0051,0.9999,0,0,9.1298,0,1]},
{"frame":16,"values":[0.9998,-0.004,0.0177,0,0.0038,1,0.0072,0,-0.0177,-0.0072,0.9998,0,0,9.1298,0,1]},
{"frame":17,"values":[0.9998,-0.0017,0.0215,0,0.0015,1,0.0081,0,-0.0215,-0.0081,0.9997,0,0,9.1298,0,1]},
{"frame":18,"values":[0.9997,0.0009,0.0259,0,-0.0011,1,0.0072,0,-0.0259,-0.0072,0.9996,0,0,9.1298,0,1]},
{"frame":19,"values":[0.9996,0.0041,0.0284,0,-0.0041,1,0.0026,0,-0.0283,-0.0027,0.9996,0,0,9.1298,0,1]},
{"frame":20,"values":[0.9996,0.0099,0.0282,0,-0.0098,0.9999,-0.0035,0,-0.0282,0.0032,0.9996,0,0,9.1298,0,1]},
{"frame":21,"values":[0.9995,0.0188,0.0248,0,-0.0187,0.9998,-0.0056,0,-0.0249,0.0052,0.9997,0,0,9.1298,0,1]},
{"frame":22,"values":[0.9994,0.0266,0.0207,0,-0.0265,0.9996,-0.0031,0,-0.0208,0.0026,0.9998,0,0,9.1298,0,1]},
{"frame":23,"values":[0.9995,0.0268,0.014,0,-0.0268,0.9996,0.0005,0,-0.014,-0.0008,0.9999,0,0,9.1298,0,1]},
{"frame":24,"values":[0.9998,0.021,0.0043,0,-0.021,0.9998,0.0022,0,-0.0042,-0.0023,1,0,0,9.1298,0,1]}],"loopBehavior":1,"name":"anim","property":"_matrix"}},
{"name":"mixamorig8_Spine1","index":2,"matrix":[0.9998,-0.0117,-0.0184,0,0.0117,0.9999,0.0035,0,0.0183,-0.0037,0.9998,0,0,10.6514,0,1],"rest":[1,0,0,0,0,1,0,0,0,0,1,0,0,10.6514,0,1],"parentBoneIndex":1,"length":12.173
,"animation":{"dataType":3,"framePerSecond":24,"keys":[
{"frame":0,"values":[0.9999,0.0091,-0.0117,0,-0.0091,0.9999,0.0068,0,0.0118,-0.0067,0.9999,0,0,10.6514,0,1]},
{"frame":1,"values":[0.9997,0.0028,-0.0257,0,-0.0026,1,0.0084,0,0.0258,-0.0084,0.9996,0,0,10.6514,0,1]},
{"frame":2,"values":[0.9993,0.0001,-0.037,0,0.0004,0.9999,0.0122,0,0.037,-0.0122,0.9992,0,0,10.6514,0,1]},
{"frame":3,"values":[0.9989,-0.0024,-0.0459,0,0.003,0.9999,0.0151,0,0.0458,-0.0152,0.9988,0,0,10.6514,0,1]},
{"frame":4,"values":[0.9985,-0.0066,-0.0552,0,0.0075,0.9998,0.0161,0,0.0551,-0.0165,0.9983,0,0,10.6514,0,1]},
{"frame":5,"values":[0.9977,-0.0114,-0.0665,0,0.0124,0.9998,0.0153,0,0.0663,-0.0161,0.9977,0,0,10.6514,0,1]},
{"frame":6,"values":[0.997,-0.0154,-0.0764,0,0.0164,0.9998,0.0133,0,0.0762,-0.0145,0.997,0,0,10.6514,0,1]},
{"frame":7,"values":[0.9965,-0.02,-0.0815,0,0.0206,0.9998,0.0062,0,0.0814,-0.0078,0.9967,0,0,10.6514,0,1]},
{"frame":8,"values":[0.9964,-0.028,-0.0794,0,0.0276,0.9996,-0.0066,0,0.0796,0.0044,0.9968,0,0,10.6514,0,1]},
{"frame":9,"values":[0.9971,-0.0321,-0.0687,0,0.0315,0.9995,-0.0099,0,0.069,0.0077,0.9976,0,0,10.6514,0,1]},
{"frame":10,"values":[0.9981,-0.0285,-0.0544,0,0.0283,0.9996,-0.0046,0,0.0546,0.0031,0.9985,0,0,10.6514,0,1]},
{"frame":11,"values":[0.999,-0.0211,-0.0383,0,0.0212,0.9998,0.0012,0,0.0383,-0.002,0.9993,0,0,10.6514,0,1]},
{"frame":12,"values":[0.9998,-0.0117,-0.0184,0,0.0117,0.9999,0.0035,0,0.0183,-0.0037,0.9998,0,0,10.6514,0,1]},
{"frame":13,"values":[1,-0.0073,0.0033,0,0.0073,1,0.0056,0,-0.0033,-0.0056,1,0,0,10.6514,0,1]},
{"frame":14,"values":[0.9998,-0.008,0.0196,0,0.0078,0.9999,0.0074,0,-0.0196,-0.0072,0.9998,0,0,10.6514,0,1]},
{"frame":15,"values":[0.9995,-0.0081,0.0292,0,0.0078,0.9999,0.0105,0,-0.0293,-0.0103,0.9995,0,0,10.6514,0,1]},
{"frame":16,"values":[0.9993,-0.0064,0.0364,0,0.0058,0.9999,0.0145,0,-0.0364,-0.0143,0.9992,0,0,10.6514,0,1]},
{"frame":17,"values":[0.9989,-0.0025,0.0458,0,0.0018,0.9999,0.0163,0,-0.0458,-0.0162,0.9988,0,0,10.6514,0,1]},
{"frame":18,"values":[0.9984,0.0021,0.0557,0,-0.0029,0.9999,0.0143,0,-0.0557,-0.0144,0.9983,0,0,10.6514,0,1]},
{"frame":19,"values":[0.9981,0.0076,0.0607,0,-0.0079,1,0.005,0,-0.0607,-0.0055,0.9981,0,0,10.6514,0,1]},
{"frame":20,"values":[0.9983,0.0149,0.057,0,-0.0145,0.9999,-0.0073,0,-0.0571,0.0064,0.9983,0,0,10.6514,0,1]},
{"frame":21,"values":[0.9986,0.0242,0.0465,0,-0.0237,0.9997,-0.0116,0,-0.0468,0.0105,0.9989,0,0,10.6514,0,1]},
{"frame":22,"values":[0.999,0.0272,0.0351,0,-0.0269,0.9996,-0.0066,0,-0.0353,0.0056,0.9994,0,0,10.6514,0,1]},
{"frame":23,"values":[0.9995,0.0237,0.0219,0,-0.0237,0.9997,0.0007,0,-0.0219,-0.0012,0.9998,0,0,10.6514,0,1]},
{"frame":24,"values":[0.9999,0.0157,0.0046,0,-0.0157,0.9999,0.0043,0,-0.0045,-0.0044,1,0,0,10.6514,0,1]}],"loopBehavior":1,"name":"anim","property":"_matrix"}},
{"name":"mixamorig8_Spine2","index":3,"matrix":[0.9998,-0.0117,-0.0184,0,0.0117,0.9999,0.0035,0,0.0183,-0.0037,0.9998,0,0,12.173,0,1],"rest":[1,0,0,0,0,1,0,0,0,0,1,0,0,12.173,0,1],"parentBoneIndex":2,"length":13.6946
,"animation":{"dataType":3,"framePerSecond":24,"keys":[
{"frame":0,"values":[0.9999,0.0091,-0.0117,0,-0.0091,0.9999,0.0068,0,0.0118,-0.0067,0.9999,0,0,12.173,0,1]},
{"frame":1,"values":[0.9997,0.0028,-0.0257,0,-0.0026,1,0.0084,0,0.0258,-0.0084,0.9996,0,0,12.173,0,1]},
{"frame":2,"values":[0.9993,0.0001,-0.037,0,0.0004,0.9999,0.0122,0,0.037,-0.0123,0.9992,0,0,12.173,0,1]},
{"frame":3,"values":[0.9989,-0.0024,-0.0459,0,0.003,0.9999,0.0151,0,0.0458,-0.0152,0.9988,0,0,12.173,0,1]},
{"frame":4,"values":[0.9985,-0.0066,-0.0552,0,0.0075,0.9998,0.0161,0,0.0551,-0.0165,0.9983,0,0,12.173,0,1]},
{"frame":5,"values":[0.9977,-0.0114,-0.0665,0,0.0124,0.9998,0.0153,0,0.0663,-0.0161,0.9977,0,0,12.173,0,1]},
{"frame":6,"values":[0.997,-0.0154,-0.0764,0,0.0164,0.9998,0.0133,0,0.0762,-0.0145,0.997,0,0,12.173,0,1]},
{"frame":7,"values":[0.9965,-0.02,-0.0815,0,0.0206,0.9998,0.0062,0,0.0814,-0.0078,0.9967,0,0,12.173,0,1]},
{"frame":8,"values":[0.9964,-0.028,-0.0794,0,0.0276,0.9996,-0.0066,0,0.0796,0.0044,0.9968,0,0,12.173,0,1]},
{"frame":9,"values":[0.9971,-0.0321,-0.0687,0,0.0315,0.9995,-0.0099,0,0.069,0.0077,0.9976,0,0,12.173,0,1]},
{"frame":10,"values":[0.9981,-0.0285,-0.0544,0,0.0283,0.9996,-0.0046,0,0.0546,0.0031,0.9985,0,0,12.173,0,1]},
{"frame":11,"values":[0.999,-0.0211,-0.0383,0,0.0212,0.9998,0.0012,0,0.0383,-0.002,0.9993,0,0,12.173,0,1]},
{"frame":12,"values":[0.9998,-0.0117,-0.0184,0,0.0117,0.9999,0.0035,0,0.0183,-0.0037,0.9998,0,0,12.173,0,1]},
{"frame":13,"values":[1,-0.0073,0.0033,0,0.0073,1,0.0056,0,-0.0033,-0.0056,1,0,0,12.173,0,1]},
{"frame":14,"values":[0.9998,-0.008,0.0196,0,0.0078,0.9999,0.0074,0,-0.0196,-0.0072,0.9998,0,0,12.173,0,1]},
{"frame":15,"values":[0.9995,-0.0081,0.0292,0,0.0078,0.9999,0.0105,0,-0.0293,-0.0103,0.9995,0,0,12.173,0,1]},
{"frame":16,"values":[0.9993,-0.0064,0.0364,0,0.0058,0.9999,0.0145,0,-0.0364,-0.0143,0.9992,0,0,12.173,0,1]},
{"frame":17,"values":[0.9989,-0.0025,0.0458,0,0.0018,0.9999,0.0163,0,-0.0458,-0.0162,0.9988,0,0,12.173,0,1]},
{"frame":18,"values":[0.9984,0.0021,0.0557,0,-0.0029,0.9999,0.0143,0,-0.0557,-0.0144,0.9983,0,0,12.173,0,1]},
{"frame":19,"values":[0.9981,0.0076,0.0607,0,-0.0079,1,0.005,0,-0.0607,-0.0055,0.9981,0,0,12.173,0,1]},
{"frame":20,"values":[0.9983,0.0149,0.057,0,-0.0145,0.9999,-0.0073,0,-0.0571,0.0064,0.9983,0,0,12.173,0,1]},
{"frame":21,"values":[0.9986,0.0242,0.0465,0,-0.0237,0.9997,-0.0116,0,-0.0468,0.0105,0.9989,0,0,12.173,0,1]},
{"frame":22,"values":[0.999,0.0272,0.0351,0,-0.0269,0.9996,-0.0066,0,-0.0353,0.0056,0.9994,0,0,12.173,0,1]},
{"frame":23,"values":[0.9995,0.0237,0.0219,0,-0.0237,0.9997,0.0007,0,-0.0219,-0.0012,0.9998,0,0,12.173,0,1]},
{"frame":24,"values":[0.9999,0.0157,0.0046,0,-0.0157,0.9999,0.0043,0,-0.0045,-0.0044,1,0,0,12.173,0,1]}],"loopBehavior":1,"name":"anim","property":"_matrix"}},
{"name":"mixamorig8_Neck","index":4,"matrix":[1,0.0039,0.0001,0,-0.0038,0.9819,0.1896,0,0.0007,-0.1896,0.9819,0,0,13.6946,0,1],"rest":[1,0,0,0,0,0.985,0.1726,0,0,-0.1726,0.985,0,0,13.6946,0,1],"parentBoneIndex":3,"length":9.1058
,"animation":{"dataType":3,"framePerSecond":24,"keys":[
{"frame":0,"values":[1,-0.0071,0.0024,0,0.0066,0.985,0.1726,0,-0.0036,-0.1726,0.985,0,0,13.6947,0,1]},
{"frame":1,"values":[1,-0.0014,0.0039,0,0.0007,0.9844,0.1758,0,-0.0041,-0.1758,0.9844,0,0,13.6947,0,1]},
{"frame":2,"values":[1,0.0048,0.0056,0,-0.0057,0.9839,0.1787,0,-0.0047,-0.1787,0.9839,0,0,13.6947,0,1]},
{"frame":3,"values":[0.9999,0.0102,0.0071,0,-0.0114,0.9829,0.1836,0,-0.0051,-0.1837,0.983,0,0,13.6947,0,1]},
{"frame":4,"values":[0.9998,0.0173,0.0094,0,-0.0187,0.9822,0.1871,0,-0.006,-0.1872,0.9823,0,0,13.6946,0,1]},
{"frame":5,"values":[0.9996,0.0247,0.0121,0,-0.0265,0.9822,0.186,0,-0.0073,-0.1863,0.9825,0,0,13.6947,0,1]},
{"frame":6,"values":[0.9995,0.028,0.0135,0,-0.03,0.9834,0.1788,0,-0.0082,-0.1791,0.9838,0,0,13.6947,0,1]},
{"frame":7,"values":[0.9996,0.0267,0.013,0,-0.0286,0.9841,0.1751,0,-0.0081,-0.1754,0.9845,0,0,13.6947,0,1]},
{"frame":8,"values":[0.9996,0.026,0.0119,0,-0.0277,0.9833,0.1798,0,-0.007,-0.1801,0.9836,0,0,13.6947,0,1]},
{"frame":9,"values":[0.9997,0.0215,0.0093,0,-0.0228,0.9837,0.1784,0,-0.0053,-0.1786,0.9839,0,0,13.6947,0,1]},
{"frame":10,"values":[0.9999,0.0136,0.0056,0,-0.0144,0.9838,0.1789,0,-0.0031,-0.179,0.9838,0,0,13.6947,0,1]},
{"frame":11,"values":[1,0.0083,0.0027,0,-0.0087,0.9831,0.1828,0,-0.0012,-0.1828,0.9832,0,0,13.6946,0,1]},
{"frame":12,"values":[1,0.0039,0.0001,0,-0.0038,0.9819,0.1896,0,0.0007,-0.1896,0.9819,0,0,13.6946,0,1]},
{"frame":13,"values":[1,0.0025,-0.0017,0,-0.0021,0.9816,0.1911,0,0.0022,-0.1911,0.9816,0,0,13.6947,0,1]},
{"frame":14,"values":[1,0.0018,-0.003,0,-0.0012,0.9815,0.1913,0,0.0033,-0.1913,0.9815,0,0,13.6946,0,1]},
{"frame":15,"values":[1,-0.0022,-0.0046,0,0.003,0.9817,0.1906,0,0.0041,-0.1906,0.9817,0,0,13.6947,0,1]},
{"frame":16,"values":[1,-0.0067,-0.0058,0,0.0077,0.9818,0.1897,0,0.0044,-0.1897,0.9818,0,0,13.6947,0,1]},
{"frame":17,"values":[0.9999,-0.012,-0.007,0,0.0131,0.9826,0.1852,0,0.0047,-0.1853,0.9827,0,0,13.6946,0,1]},
{"frame":18,"values":[0.9998,-0.0163,-0.008,0,0.0174,0.9841,0.1768,0,0.005,-0.1769,0.9842,0,0,13.6946,0,1]},
{"frame":19,"values":[0.9998,-0.0176,-0.0081,0,0.0187,0.9847,0.1733,0,0.0049,-0.1734,0.9848,0,0,13.6946,0,1]},
{"frame":20,"values":[0.9999,-0.0151,-0.0068,0,0.016,0.9849,0.1722,0,0.0041,-0.1723,0.985,0,0,13.6946,0,1]},
{"frame":21,"values":[0.9999,-0.0131,-0.005,0,0.0138,0.9857,0.1677,0,0.0027,-0.1678,0.9858,0,0,13.6946,0,1]},
{"frame":22,"values":[1,-0.008,-0.0023,0,0.0082,0.9867,0.1621,0,0.001,-0.1621,0.9868,0,0,13.6946,0,1]},
{"frame":23,"values":[1,-0.0045,0.0001,0,0.0044,0.9867,0.1623,0,-0.0008,-0.1623,0.9867,0,0,13.6946,0,1]},
{"frame":24,"values":[1,-0.0034,0.0019,0,0.003,0.9856,0.1689,0,-0.0025,-0.1689,0.9856,0,0,13.6946,0,1]}],"loopBehavior":1,"name":"anim","property":"_matrix"}},
{"name":"mixamorig8_Head","index":5,"matrix":[1,0.0038,-0.0006,0,-0.0038,0.9998,0.0173,0,0.0007,-0.0173,0.9999,0,0,9.1058,0,1],"rest":[1,0,0,0,0,1,0,0,0,0,1,0,0,9.1058,0,1],"parentBoneIndex":4,"length":20.9864
,"animation":{"dataType":3,"framePerSecond":24,"keys":[
{"frame":0,"values":[1,-0.0066,0.0036,0,0.0066,1,0,0,-0.0036,0,1,0,0,9.1058,0,1]},
{"frame":1,"values":[1,-0.0007,0.0041,0,0.0007,1,0.0032,0,-0.0041,-0.0032,1,0,0,9.1058,0,1]},
{"frame":2,"values":[1,0.0057,0.0047,0,-0.0057,1,0.0062,0,-0.0047,-0.0062,1,0,0,9.1058,0,1]},
{"frame":3,"values":[0.9999,0.0113,0.0053,0,-0.0114,0.9999,0.0112,0,-0.0051,-0.0112,0.9999,0,0,9.1058,0,1]},
{"frame":4,"values":[0.9998,0.0187,0.0062,0,-0.0187,0.9997,0.0147,0,-0.006,-0.0149,0.9999,0,0,9.1058,0,1]},
{"frame":5,"values":[0.9996,0.0264,0.0076,0,-0.0265,0.9996,0.0137,0,-0.0073,-0.0139,0.9999,0,0,9.1058,0,1]},
{"frame":6,"values":[0.9995,0.03,0.0084,0,-0.03,0.9995,0.0064,0,-0.0082,-0.0066,0.9999,0,0,9.1058,0,1]},
{"frame":7,"values":[0.9996,0.0285,0.0082,0,-0.0286,0.9996,0.0027,0,-0.0081,-0.0029,1,0,0,9.1058,0,1]},
{"frame":8,"values":[0.9996,0.0276,0.0072,0,-0.0277,0.9996,0.0074,0,-0.007,-0.0076,0.9999,0,0,9.1058,0,1]},
{"frame":9,"values":[0.9997,0.0228,0.0054,0,-0.0228,0.9997,0.006,0,-0.0053,-0.0061,1,0,0,9.1057,0,1]},
{"frame":10,"values":[0.9999,0.0144,0.0032,0,-0.0144,0.9999,0.0064,0,-0.0031,-0.0065,1,0,0,9.1058,0,1]},
{"frame":11,"values":[1,0.0087,0.0012,0,-0.0087,0.9999,0.0103,0,-0.0012,-0.0103,0.9999,0,0,9.1057,0,1]},
{"frame":12,"values":[1,0.0038,-0.0006,0,-0.0038,0.9998,0.0173,0,0.0007,-0.0173,0.9999,0,0,9.1058,0,1]},
{"frame":13,"values":[1,0.0021,-0.0021,0,-0.0021,0.9998,0.0188,0,0.0022,-0.0188,0.9998,0,0,9.1058,0,1]},
{"frame":14,"values":[1,0.0013,-0.0033,0,-0.0012,0.9998,0.019,0,0.0033,-0.019,0.9998,0,0,9.1058,0,1]},
{"frame":15,"values":[1,-0.0029,-0.0042,0,0.003,0.9998,0.0183,0,0.0041,-0.0183,0.9998,0,0,9.1058,0,1]},
{"frame":16,"values":[1,-0.0076,-0.0046,0,0.0077,0.9998,0.0174,0,0.0044,-0.0174,0.9998,0,0,9.1058,0,1]},
{"frame":17,"values":[0.9999,-0.013,-0.0048,0,0.0131,0.9998,0.0128,0,0.0047,-0.0129,0.9999,0,0,9.1058,0,1]},
{"frame":18,"values":[0.9998,-0.0174,-0.0051,0,0.0174,0.9998,0.0042,0,0.005,-0.0043,1,0,0,9.1058,0,1]},
{"frame":19,"values":[0.9998,-0.0187,-0.0049,0,0.0187,0.9998,0.0007,0,0.0049,-0.0008,1,0,0,9.1058,0,1]},
{"frame":20,"values":[0.9999,-0.016,-0.0041,0,0.016,0.9999,-0.0004,0,0.0041,0.0003,1,0,0,9.1058,0,1]},
{"frame":21,"values":[0.9999,-0.0138,-0.0027,0,0.0138,0.9999,-0.005,0,0.0027,0.0049,1,0,0,9.1058,0,1]},
{"frame":22,"values":[1,-0.0083,-0.0009,0,0.0082,0.9999,-0.0107,0,0.001,0.0106,0.9999,0,0,9.1058,0,1]},
{"frame":23,"values":[1,-0.0044,0.0009,0,0.0044,0.9999,-0.0104,0,-0.0008,0.0104,0.9999,0,0,9.1058,0,1]},
{"frame":24,"values":[1,-0.003,0.0025,0,0.003,1,-0.0038,0,-0.0025,0.0038,1,0,0,9.1058,0,1]}],"loopBehavior":1,"name":"anim","property":"_matrix"}},
{"name":"mixamorig8_HeadTop_End","index":6,"matrix":[1,0,0,0,0,1,0,0,0,0,1,0,0,20.9864,0,1],"rest":[1,0,0,0,0,1,0,0,0,0,1,0,0,20.9864,0,1],"parentBoneIndex":5,"length":1.8364
,"animation":{"dataType":3,"framePerSecond":24,"keys":[
{"frame":0,"values":[1,0,0,0,0,1,0,0,0,0,1,0,0,20.9864,0,1]},
{"frame":8,"values":[1,0,0,0,0,1,0,0,0,0,1,0,0,20.9865,0,1]},
{"frame":9,"values":[1,0,0,0,0,1,0,0,0,0,1,0,0,20.9864,0,1]},
{"frame":10,"values":[1,0,0,0,0,1,0,0,0,0,1,0,0,20.9865,0,1]},
{"frame":11,"values":[1,0,0,0,0,1,0,0,0,0,1,0,0,20.9864,0,1]},
{"frame":14,"values":[1,0,0,0,0,1,0,0,0,0,1,0,0,20.9865,0,1]},
{"frame":16,"values":[1,0,0,0,0,1,0,0,0,0,1,0,0,20.9864,0,1]},
{"frame":17,"values":[1,0,0,0,0,1,0,0,0,0,1,0,0,20.9865,0,1]},
{"frame":19,"values":[1,0,0,0,0,1,0,0,0,0,1,0,0,20.9864,0,1]},
{"frame":24,"values":[1,0,0,0,0,1,0,0,0,0,1,0,0,20.9864,0,1]}],"loopBehavior":1,"name":"anim","property":"_matrix"}},
{"name":"mixamorig8_LeftShoulder","index":7,"matrix":[0.2512,0.007,-0.9679,0,0.8023,-0.5609,0.2042,0,-0.5415,-0.8279,-0.1465,0,6.0652,11.9482,-0.0513,1],"rest":[-0.0083,-0.0001,-1,0,0.9622,-0.2721,-0.008,0,-0.2721,-0.9623,0.0023,0,6.0651,11.9482,-0.0512,1],"parentBoneIndex":3,"length":12.7397
,"animation":{"dataType":3,"framePerSecond":24,"keys":[
{"frame":0,"values":[0.2381,0.012,-0.9712,0,0.8162,-0.5445,0.1933,0,-0.5265,-0.8387,-0.1394,0,6.0652,11.9482,-0.0513,1]},
{"frame":1,"values":[0.2155,0.0176,-0.9764,0,0.8285,-0.5325,0.1732,0,-0.5169,-0.8462,-0.1294,0,6.0652,11.9482,-0.0513,1]},
{"frame":2,"values":[0.2008,0.0207,-0.9794,0,0.8321,-0.5312,0.1594,0,-0.5169,-0.847,-0.1238,0,6.0652,11.9482,-0.0513,1]},
{"frame":3,"values":[0.1887,0.0238,-0.9818,0,0.8405,-0.521,0.1489,0,-0.5079,-0.8532,-0.1183,0,6.0652,11.9482,-0.0513,1]},
{"frame":4,"values":[0.1916,0.0238,-0.9812,0,0.8444,-0.5136,0.1524,0,-0.5003,-0.8577,-0.1185,0,6.0652,11.9482,-0.0513,1]},
{"frame":5,"values":[0.1861,0.0252,-0.9822,0,0.8483,-0.5085,0.1477,0,-0.4957,-0.8607,-0.116,0,6.0652,11.9482,-0.0513,1]},
{"frame":6,"values":[0.184,0.0251,-0.9826,0,0.8444,-0.5158,0.1449,0,-0.5032,-0.8563,-0.1161,0,6.0652,11.9482,-0.0513,1]},
{"frame":7,"values":[0.199,0.0211,-0.9798,0,0.8328,-0.5307,0.1577,0,-0.5167,-0.8473,-0.1232,0,6.0652,11.9482,-0.0513,1]},
{"frame":8,"values":[0.1989,0.0214,-0.9798,0,0.8341,-0.5286,0.1578,0,-0.5145,-0.8486,-0.123,0,6.0652,11.9482,-0.0513,1]},
{"frame":9,"values":[0.22,0.0157,-0.9754,0,0.8205,-0.5438,0.1763,0,-0.5277,-0.8391,-0.1325,0,6.0652,11.9482,-0.0513,1]},
{"frame":10,"values":[0.2548,0.0049,-0.967,0,0.7944,-0.5712,0.2064,0,-0.5513,-0.8208,-0.1495,0,6.0652,11.9482,-0.0513,1]},
{"frame":11,"values":[0.2557,0.0053,-0.9668,0,0.7973,-0.5667,0.2078,0,-0.5467,-0.8239,-0.1491,0,6.0652,11.9482,-0.0513,1]},
{"frame":12,"values":[0.2512,0.007,-0.9679,0,0.8023,-0.5609,0.2042,0,-0.5415,-0.8279,-0.1465,0,6.0652,11.9482,-0.0513,1]},
{"frame":13,"values":[0.2598,0.0071,-0.9656,0,0.8106,-0.5451,0.2141,0,-0.5248,-0.8384,-0.1474,0,6.0652,11.9482,-0.0513,1]},
{"frame":14,"values":[0.264,0.008,-0.9645,0,0.8183,-0.5312,0.2196,0,-0.5106,-0.8472,-0.1469,0,6.0652,11.9482,-0.0513,1]},
{"frame":15,"values":[0.2687,0.008,-0.9632,0,0.821,-0.5248,0.2247,0,-0.5037,-0.8512,-0.1476,0,6.0652,11.9482,-0.0513,1]},
{"frame":16,"values":[0.2692,0.008,-0.9631,0,0.8212,-0.5244,0.2252,0,-0.5032,-0.8514,-0.1477,0,6.0652,11.9482,-0.0513,1]},
{"frame":17,"values":[0.2707,0.0076,-0.9626,0,0.8205,-0.5249,0.2265,0,-0.5036,-0.8511,-0.1483,0,6.0652,11.9482,-0.0513,1]},
{"frame":18,"values":[0.2811,0.0046,-0.9597,0,0.8138,-0.5311,0.2359,0,-0.5086,-0.8473,-0.153,0,6.0652,11.9482,-0.0513,1]},
{"frame":19,"values":[0.2899,0.0009,-0.957,0,0.804,-0.5426,0.2431,0,-0.5191,-0.84,-0.158,0,6.0652,11.9482,-0.0513,1]},
{"frame":20,"values":[0.2912,-0.0003,-0.9567,0,0.8001,-0.5481,0.2437,0,-0.5244,-0.8364,-0.1594,0,6.0652,11.9482,-0.0513,1]},
{"frame":21,"values":[0.2776,0.0037,-0.9607,0,0.8078,-0.5421,0.2313,0,-0.5199,-0.8403,-0.1534,0,6.0652,11.9482,-0.0513,1]},
{"frame":22,"values":[0.2717,0.0053,-0.9624,0,0.8108,-0.54,0.2259,0,-0.5185,-0.8417,-0.151,0,6.0652,11.9482,-0.0513,1]},
{"frame":23,"values":[0.2694,0.0052,-0.963,0,0.8088,-0.544,0.2234,0,-0.5227,-0.8391,-0.1507,0,6.0652,11.9482,-0.0513,1]},
{"frame":24,"values":[0.2519,0.0087,-0.9677,0,0.8119,-0.5461,0.2064,0,-0.5266,-0.8377,-0.1446,0,6.0652,11.9482,-0.0513,1]}],"loopBehavior":1,"name":"anim","property":"_matrix"}},
{"name":"mixamorig8_LeftArm","index":8,"matrix":[0.9593,-0.2816,-0.0194,0,0.2258,0.7242,0.6516,0,-0.1694,-0.6295,0.7583,0,0,12.7397,0,1],"rest":[0.9973,-0.0741,0,0,0.0727,0.9782,-0.1947,0,0.0144,0.1942,0.9809,0,0,12.7397,0,1],"parentBoneIndex":7,"length":22.402
,"animation":{"dataType":3,"framePerSecond":24,"keys":[
{"frame":0,"values":[0.9896,-0.0906,0.1114,0,0.0097,0.8164,0.5775,0,-0.1433,-0.5704,0.8088,0,0,12.7397,0,1]},
{"frame":1,"values":[0.9807,-0.1838,0.0674,0,0.1034,0.7787,0.6188,0,-0.1662,-0.5998,0.7827,0,0,12.7397,0,1]},
{"frame":2,"values":[0.9668,-0.2556,0.0032,0,0.1962,0.75,0.6316,0,-0.1638,-0.61,0.7753,0,0,12.7397,0,1]},
{"frame":3,"values":[0.95,-0.3087,-0.0473,0,0.2628,0.7083,0.6552,0,-0.1688,-0.6348,0.754,0,0,12.7397,0,1]},
{"frame":4,"values":[0.9277,-0.3632,-0.0861,0,0.3223,0.6632,0.6755,0,-0.1882,-0.6544,0.7323,0,0,12.7397,0,1]},
{"frame":5,"values":[0.9066,-0.4084,-0.1064,0,0.3642,0.6298,0.6861,0,-0.2132,-0.6608,0.7197,0,0,12.7397,0,1]},
{"frame":6,"values":[0.8763,-0.4633,-0.1321,0,0.4232,0.6093,0.6706,0,-0.2302,-0.6435,0.73,0,0,12.7397,0,1]},
{"frame":7,"values":[0.848,-0.5075,-0.1529,0,0.4728,0.5938,0.6511,0,-0.2396,-0.6244,0.7435,0,0,12.7397,0,1]},
{"frame":8,"values":[0.8447,-0.5139,-0.1495,0,0.4756,0.5926,0.6501,0,-0.2455,-0.6203,0.745,0,0,12.7397,0,1]},
{"frame":9,"values":[0.8491,-0.5134,-0.1239,0,0.4636,0.6121,0.6406,0,-0.253,-0.6014,0.7578,0,0,12.7396,0,1]},
{"frame":10,"values":[0.8747,-0.4773,-0.0836,0,0.4162,0.6517,0.6341,0,-0.2482,-0.5895,0.7687,0,0,12.7397,0,1]},
{"frame":11,"values":[0.9247,-0.3784,-0.0426,0,0.3132,0.6923,0.6501,0,-0.2165,-0.6145,0.7587,0,0,12.7397,0,1]},
{"frame":12,"values":[0.9593,-0.2816,-0.0194,0,0.2258,0.7242,0.6516,0,-0.1694,-0.6295,0.7583,0,0,12.7397,0,1]},
{"frame":13,"values":[0.9754,-0.2202,-0.0129,0,0.1778,0.7506,0.6364,0,-0.1304,-0.623,0.7712,0,0,12.7397,0,1]},
{"frame":14,"values":[0.985,-0.1723,-0.0063,0,0.1404,0.7805,0.6092,0,-0.1,-0.601,0.793,0,0,12.7397,0,1]},
{"frame":15,"values":[0.9923,-0.1233,0.0145,0,0.0922,0.8095,0.5798,0,-0.0832,-0.574,0.8146,0,0,12.7397,0,1]},
{"frame":16,"values":[0.9969,-0.0626,0.0469,0,0.0266,0.8353,0.5491,0,-0.0736,-0.5462,0.8344,0,0,12.7397,0,1]},
{"frame":17,"values":[0.9962,-0.0141,0.0858,0,-0.0332,0.8508,0.5244,0,-0.0804,-0.5253,0.8471,0,0,12.7397,0,1]},
{"frame":18,"values":[0.993,0.0017,0.1179,0,-0.0608,0.8645,0.4989,0,-0.1011,-0.5026,0.8586,0,0,12.7397,0,1]},
{"frame":19,"values":[0.9921,-0.0122,0.1245,0,-0.049,0.8777,0.4767,0,-0.1151,-0.479,0.8702,0,0,12.7397,0,1]},
{"frame":20,"values":[0.9924,-0.0288,0.1199,0,-0.0311,0.8825,0.4693,0,-0.1193,-0.4694,0.8749,0,0,12.7397,0,1]},
{"frame":21,"values":[0.993,0.0048,0.1183,0,-0.0619,0.8726,0.4844,0,-0.1009,-0.4884,0.8668,0,0,12.7397,0,1]},
{"frame":22,"values":[0.9923,0.0434,0.1163,0,-0.0958,0.8631,0.4959,0,-0.0789,-0.5032,0.8606,0,0,12.7397,0,1]},
{"frame":23,"values":[0.9913,0.0497,0.1215,0,-0.1057,0.8511,0.5143,0,-0.0778,-0.5227,0.849,0,0,12.7397,0,1]},
{"frame":24,"values":[0.9903,-0.0014,0.1388,0,-0.075,0.8358,0.5438,0,-0.1168,-0.549,0.8276,0,0,12.7397,0,1]}],"loopBehavior":1,"name":"anim","property":"_matrix"}},
{"name":"mixamorig8_LeftForeArm","index":9,"matrix":[0.8491,0.4574,-0.2643,0,-0.4333,0.8892,0.1468,0,0.3021,-0.0102,0.9532,0,0,22.402,0,1],"rest":[0.993,0.1182,0,0,-0.1172,0.9843,-0.1319,0,-0.0156,0.1309,0.9913,0,0,22.402,0,1],"parentBoneIndex":8,"length":24.9136
,"animation":{"dataType":3,"framePerSecond":24,"keys":[
{"frame":0,"values":[0.8107,0.527,-0.2549,0,-0.4689,0.8453,0.2561,0,0.3505,-0.0881,0.9324,0,0,22.402,0,1]},
{"frame":1,"values":[0.8256,0.5066,-0.2485,0,-0.457,0.8586,0.2322,0,0.3309,-0.0781,0.9404,0,0,22.402,0,1]},
{"frame":2,"values":[0.8221,0.504,-0.2647,0,-0.4533,0.8609,0.2313,0,0.3445,-0.0701,0.9362,0,0,22.402,0,1]},
{"frame":3,"values":[0.8339,0.4716,-0.2867,0,-0.4217,0.8796,0.2202,0,0.356,-0.0627,0.9324,0,0,22.402,0,1]},
{"frame":4,"values":[0.8462,0.4373,-0.3044,0,-0.3931,0.8981,0.1974,0,0.3597,-0.0474,0.9319,0,0,22.402,0,1]},
{"frame":5,"values":[0.8481,0.4256,-0.3156,0,-0.3871,0.9044,0.1796,0,0.3619,-0.0301,0.9317,0,0,22.402,0,1]},
{"frame":6,"values":[0.8119,0.4907,-0.3164,0,-0.4513,0.8712,0.1932,0,0.3705,-0.0141,0.9287,0,0,22.402,0,1]},
{"frame":7,"values":[0.7731,0.5568,-0.3039,0,-0.5178,0.8307,0.2046,0,0.3663,-0.0008,0.9305,0,0,22.402,0,1]},
{"frame":8,"values":[0.7622,0.5795,-0.2885,0,-0.5405,0.8149,0.209,0,0.3562,-0.0034,0.9344,0,0,22.402,0,1]},
{"frame":9,"values":[0.7513,0.602,-0.2703,0,-0.5642,0.7985,0.2102,0,0.3423,-0.0054,0.9396,0,0,22.402,0,1]},
{"frame":10,"values":[0.7829,0.5647,-0.2611,0,-0.5341,0.8253,0.1833,0,0.3189,-0.004,0.9478,0,0,22.402,0,1]},
{"frame":11,"values":[0.8377,0.4796,-0.2612,0,-0.4546,0.8774,0.1531,0,0.3026,-0.0095,0.9531,0,0,22.402,0,1]},
{"frame":12,"values":[0.8491,0.4574,-0.2643,0,-0.4333,0.8892,0.1468,0,0.3021,-0.0102,0.9532,0,0,22.402,0,1]},
{"frame":13,"values":[0.8032,0.5394,-0.2526,0,-0.5087,0.8419,0.1802,0,0.3099,-0.0162,0.9506,0,0,22.402,0,1]},
{"frame":14,"values":[0.7167,0.6596,-0.2265,0,-0.6229,0.7515,0.2175,0,0.3136,-0.0148,0.9494,0,0,22.402,0,1]},
{"frame":15,"values":[0.6265,0.756,-0.1897,0,-0.7187,0.6545,0.2349,0,0.3018,-0.0108,0.9533,0,0,22.402,0,1]},
{"frame":16,"values":[0.5611,0.8122,-0.1597,0,-0.7793,0.5833,0.2291,0,0.2792,-0.0041,0.9602,0,0,22.402,0,1]},
{"frame":17,"values":[0.529,0.8366,-0.1425,0,-0.8085,0.5478,0.215,0,0.258,0.0015,0.9662,0,0,22.402,0,1]},
{"frame":18,"values":[0.5151,0.8466,-0.134,0,-0.8207,0.5322,0.2078,0,0.2473,0.003,0.9689,0,0,22.402,0,1]},
{"frame":19,"values":[0.5081,0.851,-0.1328,0,-0.8249,0.5251,0.2093,0,0.2478,0.0032,0.9688,0,0,22.402,0,1]},
{"frame":20,"values":[0.5299,0.8365,-0.1397,0,-0.8056,0.5479,0.2252,0,0.2649,-0.0068,0.9643,0,0,22.402,0,1]},
{"frame":21,"values":[0.6147,0.7721,-0.1615,0,-0.7336,0.6348,0.2426,0,0.2898,-0.0306,0.9566,0,0,22.402,0,1]},
{"frame":22,"values":[0.7072,0.679,-0.197,0,-0.6319,0.732,0.2546,0,0.3171,-0.0555,0.9468,0,0,22.402,0,1]},
{"frame":23,"values":[0.7841,0.5766,-0.2295,0,-0.5217,0.8127,0.2595,0,0.3361,-0.0837,0.9381,0,0,22.402,0,1]},
{"frame":24,"values":[0.8258,0.5082,-0.2447,0,-0.4453,0.8536,0.2702,0,0.3462,-0.1141,0.9312,0,0,22.402,0,1]}],"loopBehavior":1,"name":"anim","property":"_matrix"}},
{"name":"mixamorig8_LeftHand","index":10,"matrix":[0.9145,-0.149,-0.3762,0,0.1094,0.9861,-0.1248,0,0.3896,0.073,0.9181,0,0,24.9136,0,1],"rest":[0.9994,0,0.0332,0,0,1,0,0,-0.0332,0,0.9994,0,0,24.9136,0,1],"parentBoneIndex":9,"length":1.8364
,"animation":{"dataType":3,"framePerSecond":24,"keys":[
{"frame":0,"values":[0.947,0.0567,-0.3163,0,-0.1531,0.9451,-0.2888,0,0.2825,0.3219,0.9037,0,0,24.9136,0,1]},
{"frame":1,"values":[0.9353,0.0703,-0.3468,0,-0.1707,0.9482,-0.2681,0,0.31,0.3099,0.8988,0,0,24.9136,0,1]},
{"frame":2,"values":[0.9419,0.0723,-0.3281,0,-0.1672,0.948,-0.2708,0,0.2915,0.3099,0.905,0,0,24.9136,0,1]},
{"frame":3,"values":[0.9373,0.0931,-0.3359,0,-0.1879,0.9467,-0.2618,0,0.2936,0.3085,0.9048,0,0,24.9136,0,1]},
{"frame":4,"values":[0.9217,0.1209,-0.3685,0,-0.2193,0.9461,-0.2383,0,0.3199,0.3005,0.8986,0,0,24.9136,0,1]},
{"frame":5,"values":[0.9078,0.0837,-0.4109,0,-0.1794,0.9632,-0.2,0,0.3791,0.2553,0.8895,0,0,24.9136,0,1]},
{"frame":6,"values":[0.905,-0.0413,-0.4234,0,-0.0355,0.9845,-0.172,0,0.4239,0.1707,0.8895,0,0,24.9136,0,1]},
{"frame":7,"values":[0.8992,-0.1583,-0.408,0,0.1013,0.9823,-0.1578,0,0.4257,0.1005,0.8992,0,0,24.9136,0,1]},
{"frame":8,"values":[0.8795,-0.2455,-0.4077,0,0.2017,0.9682,-0.1479,0,0.431,0.0478,0.9011,0,0,24.9136,0,1]},
{"frame":9,"values":[0.8596,-0.3003,-0.4133,0,0.2677,0.9538,-0.1364,0,0.4352,0.0066,0.9003,0,0,24.9136,0,1]},
{"frame":10,"values":[0.8674,-0.2815,-0.4103,0,0.2498,0.9595,-0.1301,0,0.4303,0.0103,0.9026,0,0,24.9136,0,1]},
{"frame":11,"values":[0.8895,-0.2113,-0.4053,0,0.1718,0.9763,-0.1319,0,0.4235,0.0477,0.9046,0,0,24.9136,0,1]},
{"frame":12,"values":[0.9145,-0.149,-0.3762,0,0.1094,0.9861,-0.1248,0,0.3896,0.073,0.9181,0,0,24.9136,0,1]},
{"frame":13,"values":[0.9368,-0.123,-0.3276,0,0.0906,0.9895,-0.1124,0,0.338,0.0756,0.9381,0,0,24.9136,0,1]},
{"frame":14,"values":[0.9534,-0.1255,-0.2744,0,0.1007,0.9896,-0.1028,0,0.2845,0.0704,0.9561,0,0,24.9136,0,1]},
{"frame":15,"values":[0.9647,-0.1324,-0.2278,0,0.1096,0.9878,-0.1103,0,0.2397,0.0814,0.9674,0,0,24.9136,0,1]},
{"frame":16,"values":[0.9737,-0.1265,-0.1896,0,0.1006,0.985,-0.1402,0,0.2045,0.1174,0.9718,0,0,24.9136,0,1]},
{"frame":17,"values":[0.9806,-0.0896,-0.1745,0,0.0534,0.9779,-0.2022,0,0.1888,0.189,0.9637,0,0,24.9136,0,1]},
{"frame":18,"values":[0.9835,-0.0357,-0.1775,0,-0.0148,0.9611,-0.2758,0,0.1804,0.2738,0.9447,0,0,24.9136,0,1]},
{"frame":19,"values":[0.9829,0.0102,-0.1841,0,-0.072,0.9403,-0.3326,0,0.1697,0.3401,0.9249,0,0,24.9136,0,1]},
{"frame":20,"values":[0.9813,0.042,-0.1881,0,-0.1099,0.9236,-0.3672,0,0.1583,0.381,0.9109,0,0,24.9136,0,1]},
{"frame":21,"values":[0.9807,0.0593,-0.1864,0,-0.1274,0.9168,-0.3784,0,0.1484,0.3949,0.9067,0,0,24.9136,0,1]},
{"frame":22,"values":[0.9819,0.0617,-0.1789,0,-0.1259,0.9187,-0.3743,0,0.1412,0.39,0.9099,0,0,24.9136,0,1]},
{"frame":23,"values":[0.9773,0.0609,-0.2029,0,-0.1311,0.9261,-0.3538,0,0.1664,0.3724,0.9131,0,0,24.9136,0,1]},
{"frame":24,"values":[0.9582,0.0561,-0.2805,0,-0.1481,0.9362,-0.3186,0,0.2448,0.3468,0.9054,0,0,24.9136,0,1]}],"loopBehavior":1,"name":"anim","property":"_matrix"}},
{"name":"mixamorig8_LeftHandThumb1","index":11,"matrix":[0.8221,0.5678,-0.0417,0,-0.4382,0.6777,0.5905,0,0.3635,-0.4672,0.8059,0,-2.8198,2.6968,1.5339,1],"rest":[0.647,0.7511,-0.1313,0,-0.6726,0.6433,0.3659,0,0.3592,-0.1484,0.9214,0,-2.8198,2.6967,1.534,1],"parentBoneIndex":10,"length":3.354
,"animation":{"dataType":3,"framePerSecond":24,"keys":[
{"frame":0,"values":[0.8221,0.5678,-0.0417,0,-0.4382,0.6777,0.5905,0,0.3635,-0.4672,0.8059,0,-2.8198,2.6968,1.5339,1]},
{"frame":24,"values":[0.8221,0.5678,-0.0417,0,-0.4382,0.6777,0.5905,0,0.3635,-0.4672,0.8059,0,-2.8198,2.6968,1.5339,1]}],"loopBehavior":1,"name":"anim","property":"_matrix"}},
{"name":"mixamorig8_LeftHandThumb2","index":12,"matrix":[0.9366,-0.1279,0.3262,0,0.1285,0.9915,0.0198,0,-0.326,0.0234,0.9451,0,0,3.354,0,1],"rest":[0.9213,-0.2371,0.3081,0,0.1981,0.9682,0.1528,0,-0.3345,-0.0798,0.939,0,0,3.354,0,1],"parentBoneIndex":11,"length":3.1044
,"animation":{"dataType":3,"framePerSecond":24,"keys":[
{"frame":0,"values":[0.9366,-0.1279,0.3262,0,0.1285,0.9915,0.0198,0,-0.326,0.0234,0.9451,0,0,3.354,0,1]},
{"frame":4,"values":[0.9366,-0.1279,0.3262,0,0.1285,0.9915,0.0198,0,-0.326,0.0234,0.9451,0,0,3.3541,0,1]},
{"frame":5,"values":[0.9366,-0.1279,0.3262,0,0.1285,0.9915,0.0198,0,-0.326,0.0234,0.9451,0,0,3.354,0,1]},
{"frame":24,"values":[0.9366,-0.1279,0.3262,0,0.1285,0.9915,0.0198,0,-0.326,0.0234,0.9451,0,0,3.354,0,1]}],"loopBehavior":1,"name":"anim","property":"_matrix"}},
{"name":"mixamorig8_LeftHandThumb3","index":13,"matrix":[0.974,0,0.2265,0,0,1,0,0,-0.2265,0,0.974,0,0,3.1044,0,1],"rest":[0.9648,-0.1141,0.2368,0,0.1587,0.971,-0.179,0,-0.2096,0.2103,0.9549,0,0,3.1044,0,1],"parentBoneIndex":12,"length":2.4766
,"animation":{"dataType":3,"framePerSecond":24,"keys":[
{"frame":0,"values":[0.974,0,0.2265,0,0,1,0,0,-0.2265,0,0.974,0,0,3.1044,0,1]},
{"frame":24,"values":[0.974,0,0.2265,0,0,1,0,0,-0.2265,0,0.974,0,0,3.1044,0,1]}],"loopBehavior":1,"name":"anim","property":"_matrix"}},
{"name":"mixamorig8_LeftHandThumb4","index":14,"matrix":[1,0,0,0,0,1,0,0,0,0,1,0,0,2.4766,0,1],"rest":[1,0,0,0,0,1,0,0,0,0,1,0,0,2.4766,0,1],"parentBoneIndex":13,"length":1.8364
,"animation":{"dataType":3,"framePerSecond":24,"keys":[
{"frame":0,"values":[1,0,0,0,0,1,0,0,0,0,1,0,0,2.4766,0,1]},
{"frame":24,"values":[1,0,0,0,0,1,0,0,0,0,1,0,0,2.4766,0,1]}],"loopBehavior":1,"name":"anim","property":"_matrix"}},
{"name":"mixamorig8_LeftHandIndex1","index":15,"matrix":[0.9763,0.2153,0.0233,0,-0.173,0.7108,0.6817,0,0.1302,-0.6696,0.7312,0,-3.4313,8.8701,1.1042,1],"rest":[0.9995,0.0266,-0.0148,0,-0.0246,0.9927,0.1185,0,0.0178,-0.1181,0.9928,0,-3.4313,8.8701,1.1042,1],"parentBoneIndex":10,"length":2.9922
,"animation":{"dataType":3,"framePerSecond":24,"keys":[
{"frame":0,"values":[0.9848,0.1718,0.0258,0,-0.1337,0.6542,0.7444,0,0.111,-0.7365,0.6672,0,-3.4313,8.8701,1.1042,1]},
{"frame":1,"values":[0.9842,0.1751,0.0248,0,-0.139,0.679,0.7208,0,0.1094,-0.7129,0.6927,0,-3.4313,8.8701,1.1042,1]},
{"frame":2,"values":[0.9837,0.1782,0.0233,0,-0.1444,0.7065,0.6929,0,0.107,-0.6849,0.7207,0,-3.4313,8.8701,1.1042,1]},
{"frame":3,"values":[0.9832,0.1812,0.0215,0,-0.1496,0.7329,0.6637,0,0.1046,-0.6557,0.7477,0,-3.4313,8.8701,1.1042,1]},
{"frame":4,"values":[0.9826,0.1845,0.0195,0,-0.1544,0.7552,0.6371,0,0.1028,-0.629,0.7706,0,-3.4313,8.8701,1.1042,1]},
{"frame":5,"values":[0.982,0.1882,0.0179,0,-0.1587,0.7692,0.6189,0,0.1027,-0.6106,0.7852,0,-3.4313,8.8701,1.1042,1]},
{"frame":6,"values":[0.9811,0.1928,0.0171,0,-0.1626,0.7725,0.6139,0,0.1051,-0.605,0.7892,0,-3.4313,8.8701,1.1042,1]},
{"frame":7,"values":[0.9798,0.1993,0.0184,0,-0.1658,0.7563,0.6329,0,0.1122,-0.6231,0.774,0,-3.4313,8.8701,1.1042,1]},
{"frame":8,"values":[0.9782,0.2065,0.0215,0,-0.1679,0.726,0.6668,0,0.1221,-0.6559,0.7449,0,-3.4313,8.8701,1.1042,1]},
{"frame":9,"values":[0.9774,0.2103,0.0232,0,-0.1692,0.7107,0.6829,0,0.1271,-0.6713,0.7302,0,-3.4313,8.8701,1.1042,1]},
{"frame":10,"values":[0.9768,0.2126,0.0238,0,-0.1704,0.7059,0.6875,0,0.1294,-0.6757,0.7258,0,-3.4313,8.8701,1.1042,1]},
{"frame":11,"values":[0.9765,0.2143,0.0238,0,-0.1717,0.7063,0.6867,0,0.1303,-0.6747,0.7265,0,-3.4313,8.8701,1.1042,1]},
{"frame":12,"values":[0.9763,0.2153,0.0233,0,-0.173,0.7108,0.6817,0,0.1302,-0.6696,0.7312,0,-3.4313,8.8701,1.1042,1]},
{"frame":13,"values":[0.9762,0.2155,0.0225,0,-0.1741,0.7185,0.6734,0,0.129,-0.6613,0.7389,0,-3.4313,8.8701,1.1042,1]},
{"frame":14,"values":[0.9763,0.2152,0.0214,0,-0.1749,0.7274,0.6636,0,0.1272,-0.6516,0.7478,0,-3.4313,8.8701,1.1042,1]},
{"frame":15,"values":[0.9766,0.2143,0.0203,0,-0.1752,0.7363,0.6535,0,0.1251,-0.6418,0.7566,0,-3.4313,8.8701,1.1042,1]},
{"frame":16,"values":[0.9769,0.2129,0.0194,0,-0.175,0.7443,0.6445,0,0.1227,-0.633,0.7643,0,-3.4313,8.8701,1.1042,1]},
{"frame":17,"values":[0.9773,0.2109,0.0189,0,-0.1741,0.7496,0.6386,0,0.1205,-0.6274,0.7693,0,-3.4313,8.8701,1.1042,1]},
{"frame":18,"values":[0.9778,0.2085,0.0188,0,-0.1725,0.7515,0.6368,0,0.1186,-0.6259,0.7708,0,-3.4313,8.8701,1.1042,1]},
{"frame":19,"values":[0.9784,0.2056,0.0194,0,-0.17,0.7488,0.6406,0,0.1172,-0.6301,0.7676,0,-3.4313,8.8701,1.1042,1]},
{"frame":20,"values":[0.9793,0.2011,0.0207,0,-0.1656,0.7389,0.6531,0,0.1161,-0.6431,0.757,0,-3.4313,8.8701,1.1042,1]},
{"frame":21,"values":[0.9807,0.194,0.0227,0,-0.1581,0.7202,0.6755,0,0.1148,-0.6661,0.737,0,-3.4313,8.8701,1.1042,1]},
{"frame":22,"values":[0.9822,0.1861,0.0243,0,-0.1495,0.6976,0.7007,0,0.1134,-0.6919,0.7131,0,-3.4313,8.8701,1.1042,1]},
{"frame":23,"values":[0.9836,0.1787,0.0254,0,-0.1414,0.6756,0.7236,0,0.1122,-0.7153,0.6898,0,-3.4313,8.8701,1.1042,1]},
{"frame":24,"values":[0.9845,0.1733,0.0258,0,-0.1354,0.659,0.7399,0,0.1113,-0.7319,0.6723,0,-3.4313,8.8701,1.1042,1]}],"loopBehavior":1,"name":"anim","property":"_matrix"}},
{"name":"mixamorig8_LeftHandIndex2","index":16,"matrix":[0.9959,0.0643,0.0636,0,-0.0847,0.4168,0.905,0,0.0317,-0.9067,0.4205,0,0,2.9922,0,1],"rest":[1,0.002,-0.002,0,-0.0016,0.9872,0.1593,0,0.0023,-0.1593,0.9872,0,0,2.9922,0,1],"parentBoneIndex":15,"length":2.839
,"animation":{"dataType":3,"framePerSecond":24,"keys":[
{"frame":0,"values":[0.9923,0.0745,0.0986,0,-0.1079,0.1334,0.9852,0,0.0602,-0.9883,0.1404,0,0,2.9922,0,1]},
{"frame":1,"values":[0.9932,0.0731,0.0904,0,-0.1034,0.1999,0.9743,0,0.0531,-0.9771,0.2061,0,0,2.9922,0,1]},
{"frame":2,"values":[0.9941,0.0709,0.0816,0,-0.0979,0.2714,0.9575,0,0.0458,-0.9599,0.2767,0,0,2.9922,0,1]},
{"frame":3,"values":[0.995,0.0681,0.0729,0,-0.0919,0.3415,0.9354,0,0.0388,-0.9374,0.3461,0,0,2.9922,0,1]},
{"frame":4,"values":[0.9958,0.065,0.0652,0,-0.086,0.4045,0.9105,0,0.0328,-0.9122,0.4084,0,0,2.9922,0,1]},
